25 25 10
0.5 0.5 0.5 0.5 0.5 0.5 0.5 0.5 0.5 0.5 0.5 0.5 0.5 0.5 0.5 0.5 0.5 0.5 0.5 0.5 0.5 0.5 0.5 0.5 0.5 
0.5 0.5 0.5 0.5 0.5 0.5 0.5 0.5 0.5 0.5 0.5 0.5 0.5 0.5 0.5 0.5 0.5 0.5 0.5 0.5 0.5 0.5 0.5 0.5 0.5 
0.5 0.5 0.5 0.5 0.5 0.5 0.5 0.5 0.5 0.5 0.5 0.5 0.5 0.5 0.5 0.5 0.5 0.5 0.5 0.5 0.5 0.5 0.5 0.5 0.5 
0.5 0.5 0.5 0.5 0.5 0.5 0.5 0.5 0.5 0.5 0.5 0.5 0.5 0.5 0.5 0.5 0.5 0.5 0.5 0.5 0.5 0.5 0.5 0.5 0.5 
0.5 0.5 0.5 0.5 0.5 0.5 0.5 0.5 0.5 0.5 0.5 0.5 0.5 0.5 0.5 0.5 0.5 0.5 0.5 0.5 0.5 0.5 0.5 0.5 0.5 
0.5 0.5 0.5 0.5 0.5 0.5 0.5 0.5 0.5 0.5 0.5 0.5 0.5 0.5 0.5 0.5 0.5 0.5 0.5 0.5 0.5 0.5 0.5 0.5 0.5 
0.5 0.5 0.5 0.5 0.5 0.5 0.5 0.5 0.5 0.5 0.5 0.5 0.5 0.5 0.5 0.5 0.5 0.5 0.5 0.5 0.5 0.5 0.5 0.5 0.5 
0.5 0.5 0.5 0.5 0.5 0.5 0.5 0.5 0.5 0.5 0.5 0.5 0.5 0.5 0.5 0.5 0.5 0.5 0.5 0.5 0.5 0.5 0.5 0.5 0.5 
0.5 0.5 0.5 0.5 0.5 0.5 0.5 0.5 0.5 0.5 0.5 0.5 0.5 0.5 0.5 0.5 0.5 0.5 0.5 0.5 0.5 0.5 0.5 0.5 0.5 
0.5 0.5 0.5 0.5 0.5 0.5 0.5 0.5 0.5 0.5 0.5 0.5 0.5 0.5 0.5 0.5 0.5 0.5 0.5 0.5 0.5 0.5 0.5 0.5 0.5 
0.5 0.5 0.5 0.5 0.5 0.5 0.5 0.5 0.5 0.5 0.5 0.5 0.5 0.5 0.5 0.5 0.5 0.5 0.5 0.5 0.5 0.5 0.5 0.5 0.5 
0.5 0.5 0.5 0.5 0.5 0.5 0.5 0.5 0.5 0.5 0.5 0.5 0.5 0.5 0.5 0.5 0.5 0.5 0.5 0.5 0.5 0.5 0.5 0.5 0.5 
0.5 0.5 0.5 0.5 0.5 0.5 0.5 0.5 0.5 0.5 0.5 0.5 0.5 0.5 0.5 0.5 0.5 0.5 0.5 0.5 0.5 0.5 0.5 0.5 0.5 
0.5 0.5 0.5 0.5 0.5 0.5 0.5 0.5 0.5 0.5 0.5 0.5 0.5 0.5 0.5 0.5 0.5 0.5 0.5 0.5 0.5 0.5 0.5 0.5 0.5 
0.5 0.5 0.5 0.5 0.5 0.5 0.5 0.5 0.5 0.5 0.5 0.5 0.5 0.5 0.5 0.5 0.5 0.5 0.5 0.5 0.5 0.5 0.5 0.5 0.5 
0.5 0.5 0.5 0.5 0.5 0.5 0.5 0.5 0.5 0.5 0.5 0.5 0.5 0.5 0.5 0.5 0.5 0.5 0.5 0.5 0.5 0.5 0.5 0.5 0.5 
0.5 0.5 0.5 0.5 0.5 0.5 0.5 0.5 0.5 0.5 0.5 0.5 0.5 0.5 0.5 0.5 0.5 0.5 0.5 0.5 0.5 0.5 0.5 0.5 0.5 
0.5 0.5 0.5 0.5 0.5 0.5 0.5 0.5 0.5 0.5 0.5 0.5 0.5 0.5 0.5 0.5 0.5 0.5 0.5 0.5 0.5 0.5 0.5 0.5 0.5 
0.5 0.5 0.5 0.5 0.5 0.5 0.5 0.5 0.5 0.5 0.5 0.5 0.5 0.5 0.5 0.5 0.5 0.5 0.5 0.5 0.5 0.5 0.5 0.5 0.5 
0.5 0.5 0.5 0.5 0.5 0.5 0.5 0.5 0.5 0.5 0.5 0.5 0.5 0.5 0.5 0.5 0.5 0.5 0.5 0.5 0.5 0.5 0.5 0.5 0.5 
0.5 0.5 0.5 0.5 0.5 0.5 0.5 0.5 0.5 0.5 0.5 0.5 0.5 0.5 0.5 0.5 0.5 0.5 0.5 0.5 0.5 0.5 0.5 0.5 0.5 
0.5 0.5 0.5 0.5 0.5 0.5 0.5 0.5 0.5 0.5 0.5 0.5 0.5 0.5 0.5 0.5 0.5 0.5 0.5 0.5 0.5 0.5 0.5 0.5 0.5 
0.5 0.5 0.5 0.5 0.5 0.5 0.5 0.5 0.5 0.5 0.5 0.5 0.5 0.5 0.5 0.5 0.5 0.5 0.5 0.5 0.5 0.5 0.5 0.5 0.5 
0.5 0.5 0.5 0.5 0.5 0.5 0.5 0.5 0.5 0.5 0.5 0.5 0.5 0.5 0.5 0.5 0.5 0.5 0.5 0.5 0.5 0.5 0.5 0.5 0.5 
0.5 0.5 0.5 0.5 0.5 0.5 0.5 0.5 0.5 0.5 0.5 0.5 0.5 0.5 0.5 0.5 0.5 0.5 0.5 0.5 0.5 0.5 0.5 0.5 0.5 
0.5 0.5 0.5 0.5 0.5 0.5 0.5 0.5 0.5 0.5 0.5 0.5 0.5 0.5 0.5 0.5 0.5 0.5 0.5 0.5 0.5 0.5 0.5 0.5 0.5 
0.5 0.920735 0.954649 0.57056 0.121599 0.0205379 0.360292 0.828493 0.994679 0.706059 0.227989 4.88758e-006 0.231714 0.710083 0.995304 0.825144 0.356048 0.0193013 0.124506 0.574939 0.956473 0.918328 0.495574 0.0768898 0.0472108 
0.5 0.954649 0.121599 0.360292 0.994679 0.227989 0.231714 0.995304 0.356048 0.124506 0.956473 0.495574 0.0472108 0.881279 0.635453 0.00598419 0.775713 0.764541 0.00411057 0.648184 0.872557 0.0417392 0.508851 0.950894 0.115873 
0.5 0.57056 0.360292 0.706059 0.231714 0.825144 0.124506 0.918328 0.0472108 0.978188 0.00598419 0.999956 0.00411057 0.981898 0.0417392 0.925452 0.115873 0.835115 0.220605 0.718082 0.347595 0.583678 0.486724 0.442608 0.626912 
0.5 0.121599 0.994679 0.231714 0.356048 0.956473 0.0472108 0.635453 0.775713 0.00411057 0.872557 0.508851 0.115873 0.993314 0.239224 0.347595 0.960013 0.0510361 0.626912 0.783054 0.00305566 0.866595 0.517699 0.110267 0.991794 
0.5 0.0205379 0.227989 0.825144 0.956473 0.433824 0.00598419 0.285909 0.872557 0.925452 0.368813 0.000122428 0.347595 0.913414 0.886945 0.306109 0.00305566 0.411962 0.946998 0.841631 0.246817 0.0147324 0.477879 0.972718 0.790306 
0.5 0.360292 0.231714 0.124506 0.0472108 0.00598419 0.00411057 0.0417392 0.115873 0.220605 0.347595 0.486724 0.626912 0.756989 0.866595 0.946998 0.991794 0.997413 0.963409 0.89249 0.790306 0.664995 0.526542 0.385974 0.254489 
0.5 0.828493 0.995304 0.918328 0.635453 0.285909 0.0417392 0.0231237 0.239224 0.583678 0.886945 0.99976 0.866595 0.552994 0.213309 0.0147324 0.0550022 0.314298 0.664995 0.934483 0.99012 0.804522 0.46904 0.148796 0.00141335 
0.5 0.994679 0.356048 0.0472108 0.775713 0.872557 0.115873 0.239224 0.960013 0.626912 0.00305566 0.517699 0.991794 0.339189 0.0550022 0.790306 0.860519 0.104783 0.254489 0.96666 0.609713 0.00141335 0.535376 0.988292 0.322531 
0.5 0.706059 0.124506 0.978188 0.00411057 0.925452 0.220605 0.583678 0.626912 0.185056 0.946998 0.00039658 0.963409 0.155151 0.664995 0.544184 0.254489 0.9032 0.0107748 0.988295 0.0994237 0.741659 0.460211 0.330848 0.848029 
0.5 0.227989 0.956473 0.00598419 0.872557 0.368813 0.347595 0.886945 0.00305566 0.946998 0.246817 0.477879 0.790306 0.034947 0.99012 0.142562 0.609713 0.673325 0.0994237 0.9989 0.0633514 0.733859 0.544199 0.191968 0.972723 
0.5 4.88758e-006 0.495574 0.999956 0.508851 0.000122428 0.486724 0.99976 0.517699 0.00039658 0.477879 0.999408 0.526542 0.000827312 0.46904 0.998899 0.535376 0.00141448 0.460211 0.998233 0.544199 0.0021579 0.451394 0.997412 0.553009 
0.5 0.231714 0.0472108 0.00411057 0.115873 0.347595 0.626912 0.866595 0.991794 0.963409 0.790306 0.526542 0.254489 0.0591077 0.00141335 0.0994237 0.322531 0.60106 0.848029 0.986312 0.972723 0.811506 0.553009 0.277957 0.0722478 
0.5 0.710083 0.881279 0.981898 0.993314 0.913414 0.756989 0.552994 0.339189 0.155151 0.034947 0.000827312 0.0591077 0.199 0.394609 0.609727 0.804534 0.942969 0.999408 0.963404 0.84162 0.6566 0.442593 0.239212 0.0841043 
0.5 0.995304 0.635453 0.0417392 0.239224 0.886945 0.866595 0.213309 0.0550022 0.664995 0.99012 0.46904 0.00141335 0.394609 0.969765 0.733859 0.0941895 0.155162 0.811506 0.930027 0.306095 0.016945 0.561801 0.999956 0.574924 
0.5 0.825144 0.00598419 0.925452 0.347595 0.306109 0.946998 0.0147324 0.790306 0.544184 0.142562 0.998899 0.0994237 0.609727 0.733859 0.0349526 0.972723 0.246804 0.411977 0.886936 0.00012207 0.872567 0.433809 0.228002 0.979458 
0.5 0.356048 0.775713 0.115873 0.960013 0.00305566 0.991794 0.0550022 0.860519 0.254489 0.609713 0.535376 0.322531 0.804534 0.0941895 0.972723 0.000395983 0.984178 0.0722478 0.835103 0.285922 0.574924 0.570575 0.289903 0.831828 
0.5 0.0193013 0.764541 0.835115 0.0510361 0.411962 0.997413 0.314298 0.104783 0.9032 0.673325 0.00141448 0.60106 0.942969 0.155162 0.246804 0.984178 0.486739 0.0231192 0.775701 0.825155 0.0453576 0.425047 0.995891 0.302051 
0.5 0.124506 0.00411057 0.220605 0.626912 0.946998 0.963409 0.664995 0.254489 0.0107748 0.0994237 0.460211 0.848029 0.999408 0.811506 0.411977 0.0722478 0.0231192 0.297967 0.71007 0.979458 0.923118 0.579326 0.181643 0.000240386 
0.5 0.574939 0.648184 0.718082 0.783054 0.841631 0.89249 0.934483 0.96666 0.988295 0.9989 0.998233 0.986312 0.963404 0.930027 0.886936 0.835103 0.775701 0.71007 0.639693 0.566161 0.491134 0.416307 0.343371 0.273974 
0.5 0.956473 0.872557 0.347595 0.00305566 0.246817 0.790306 0.99012 0.609713 0.0994237 0.0633514 0.544199 0.972723 0.84162 0.306095 0.00012207 0.285922 0.825155 0.979458 0.566161 0.0745403 0.0865941 0.588053 0.985271 0.808008 
0.5 0.918328 0.0417392 0.583678 0.866595 0.0147324 0.664995 0.804522 0.00141335 0.741659 0.733859 0.0021579 0.811506 0.6566 0.016945 0.872567 0.574924 0.0453576 0.923118 0.491134 0.0865941 0.961735 0.407594 0.139492 0.987328 
0.5 0.495574 0.508851 0.486724 0.517699 0.477879 0.526542 0.46904 0.535376 0.460211 0.544199 0.451394 0.553009 0.442593 0.561801 0.433809 0.570575 0.425047 0.579326 0.416307 0.588053 0.407594 0.596751 0.39891 0.60542 
0.5 0.0768898 0.950894 0.442608 0.110267 0.972718 0.385974 0.148796 0.988292 0.330848 0.191968 0.997412 0.277957 0.239212 0.999956 0.228002 0.289903 0.995891 0.181643 0.343371 0.985271 0.139492 0.39891 0.968236 0.102106 
0.5 0.0472108 0.115873 0.626912 0.991794 0.790306 0.254489 0.00141335 0.322531 0.848029 0.972723 0.553009 0.0722478 0.0841043 0.574924 0.979458 0.831828 0.302051 0.000240386 0.273974 0.808008 0.987328 0.60542 0.102106 0.0570236 
0.5 0.5 0.5 0.5 0.5 0.5 0.5 0.5 0.5 0.5 0.5 0.5 0.5 0.5 0.5 0.5 0.5 0.5 0.5 0.5 0.5 0.5 0.5 0.5 0.5 
0.5 0.954649 0.121599 0.360292 0.994679 0.227989 0.231714 0.995304 0.356048 0.124506 0.956473 0.495574 0.0472108 0.881279 0.635453 0.00598419 0.775713 0.764541 0.00411057 0.648184 0.872557 0.0417392 0.508851 0.950894 0.115873 
0.5 0.121599 0.994679 0.231714 0.356048 0.956473 0.0472108 0.635453 0.775713 0.00411057 0.872557 0.508851 0.115873 0.993314 0.239224 0.347595 0.960013 0.0510361 0.626912 0.783054 0.00305566 0.866595 0.517699 0.110267 0.991794 
0.5 0.360292 0.231714 0.124506 0.0472108 0.00598419 0.00411057 0.0417392 0.115873 0.220605 0.347595 0.486724 0.626912 0.756989 0.866595 0.946998 0.991794 0.997413 0.963409 0.89249 0.790306 0.664995 0.526542 0.385974 0.254489 
0.5 0.994679 0.356048 0.0472108 0.775713 0.872557 0.115873 0.239224 0.960013 0.626912 0.00305566 0.517699 0.991794 0.339189 0.0550022 0.790306 0.860519 0.104783 0.254489 0.96666 0.609713 0.00141335 0.535376 0.988292 0.322531 
0.5 0.227989 0.956473 0.00598419 0.872557 0.368813 0.347595 0.886945 0.00305566 0.946998 0.246817 0.477879 0.790306 0.034947 0.99012 0.142562 0.609713 0.673325 0.0994237 0.9989 0.0633514 0.733859 0.544199 0.191968 0.972723 
0.5 0.231714 0.0472108 0.00411057 0.115873 0.347595 0.626912 0.866595 0.991794 0.963409 0.790306 0.526542 0.254489 0.0591077 0.00141335 0.0994237 0.322531 0.60106 0.848029 0.986312 0.972723 0.811506 0.553009 0.277957 0.0722478 
0.5 0.995304 0.635453 0.0417392 0.239224 0.886945 0.866595 0.213309 0.0550022 0.664995 0.99012 0.46904 0.00141335 0.394609 0.969765 0.733859 0.0941895 0.155162 0.811506 0.930027 0.306095 0.016945 0.561801 0.999956 0.574924 
0.5 0.356048 0.775713 0.115873 0.960013 0.00305566 0.991794 0.0550022 0.860519 0.254489 0.609713 0.535376 0.322531 0.804534 0.0941895 0.972723 0.000395983 0.984178 0.0722478 0.835103 0.285922 0.574924 0.570575 0.289903 0.831828 
0.5 0.124506 0.00411057 0.220605 0.626912 0.946998 0.963409 0.664995 0.254489 0.0107748 0.0994237 0.460211 0.848029 0.999408 0.811506 0.411977 0.0722478 0.0231192 0.297967 0.71007 0.979458 0.923118 0.579326 0.181643 0.000240386 
0.5 0.956473 0.872557 0.347595 0.00305566 0.246817 0.790306 0.99012 0.609713 0.0994237 0.0633514 0.544199 0.972723 0.84162 0.306095 0.00012207 0.285922 0.825155 0.979458 0.566161 0.0745403 0.0865941 0.588053 0.985271 0.808008 
0.5 0.495574 0.508851 0.486724 0.517699 0.477879 0.526542 0.46904 0.535376 0.460211 0.544199 0.451394 0.553009 0.442593 0.561801 0.433809 0.570575 0.425047 0.579326 0.416307 0.588053 0.407594 0.596751 0.39891 0.60542 
0.5 0.0472108 0.115873 0.626912 0.991794 0.790306 0.254489 0.00141335 0.322531 0.848029 0.972723 0.553009 0.0722478 0.0841043 0.574924 0.979458 0.831828 0.302051 0.000240386 0.273974 0.808008 0.987328 0.60542 0.102106 0.0570236 
0.5 0.881279 0.993314 0.756989 0.339189 0.034947 0.0591077 0.394609 0.804534 0.999408 0.84162 0.442593 0.0841043 0.0193054 0.293954 0.714105 0.983063 0.9109 0.548576 0.151949 0.00110236 0.202558 0.614055 0.945012 0.961718 
0.5 0.635453 0.239224 0.866595 0.0550022 0.99012 0.00141335 0.969765 0.0941895 0.811506 0.306095 0.561801 0.574924 0.293954 0.821758 0.0865941 0.974136 0.000593126 0.987328 0.0611979 0.857459 0.250617 0.622655 0.513245 0.351844 
0.5 0.00598419 0.347595 0.946998 0.790306 0.142562 0.0994237 0.733859 0.972723 0.411977 0.00012207 0.433809 0.979458 0.714105 0.0865941 0.158358 0.808008 0.936663 0.326704 0.00987419 0.522091 0.996941 0.631217 0.0435397 0.227964 
0.5 0.775713 0.960013 0.991794 0.860519 0.609713 0.322531 0.0941895 0.000395983 0.0722478 0.285922 0.570575 0.831828 0.983063 0.974136 0.808008 0.539759 0.258328 0.0570236 0.00258967 0.113074 0.351844 0.639737 0.881299 0.99644 
0.5 0.764541 0.0510361 0.997413 0.104783 0.673325 0.60106 0.155162 0.984178 0.0231192 0.825155 0.425047 0.302051 0.9109 0.000593126 0.936663 0.258328 0.473488 0.786666 0.0399988 0.99402 0.121579 0.648213 0.626883 0.136449 
0.5 0.00411057 0.626912 0.963409 0.254489 0.0994237 0.848029 0.811506 0.0722478 0.297967 0.979458 0.579326 0.000240386 0.548576 0.987328 0.326704 0.0570236 0.786666 0.869611 0.11874 0.227964 0.950881 0.656643 0.00902963 0.46901 
0.5 0.648184 0.783054 0.89249 0.96666 0.9989 0.986312 0.930027 0.835103 0.71007 0.566161 0.416307 0.273974 0.151949 0.0611979 0.00987419 0.00258967 0.0399988 0.11874 0.231739 0.368842 0.517729 0.665024 0.797491 0.903227 
0.5 0.872557 0.00305566 0.790306 0.609713 0.0633514 0.972723 0.306095 0.285922 0.979458 0.0745403 0.588053 0.808008 0.00110236 0.857459 0.522091 0.113074 0.99402 0.227964 0.368842 0.946985 0.034936 0.673353 0.733833 0.0147433 
0.5 0.0417392 0.866595 0.664995 0.00141335 0.733859 0.811506 0.016945 0.574924 0.923118 0.0865941 0.407594 0.987328 0.202558 0.250617 0.996941 0.351844 0.121579 0.950881 0.517729 0.034936 0.854308 0.681628 0.000394791 0.718042 
0.5 0.508851 0.517699 0.526542 0.535376 0.544199 0.553009 0.561801 0.570575 0.579326 0.588053 0.596751 0.60542 0.614055 0.622655 0.631217 0.639737 0.648213 0.656643 0.665024 0.673353 0.681628 0.689846 0.698004 0.7061 
0.5 0.950894 0.110267 0.385974 0.988292 0.191968 0.277957 0.999956 0.289903 0.181643 0.985271 0.39891 0.102106 0.945012 0.513245 0.0435397 0.881299 0.626883 0.00902963 0.797491 0.733833 0.000394791 0.698004 0.828459 0.0180902 
0.5 0.115873 0.991794 0.254489 0.322531 0.972723 0.0722478 0.574924 0.831828 0.000240386 0.808008 0.60542 0.0570236 0.961718 0.351844 0.227964 0.99644 0.136449 0.46901 0.903227 0.0147433 0.718042 0.7061 0.0180902 0.910883 
0.5 0.5 0.5 0.5 0.5 0.5 0.5 0.5 0.5 0.5 0.5 0.5 0.5 0.5 0.5 0.5 0.5 0.5 0.5 0.5 0.5 0.5 0.5 0.5 0.5 
0.5 0.57056 0.360292 0.706059 0.231714 0.825144 0.124506 0.918328 0.0472108 0.978188 0.00598419 0.999956 0.00411057 0.981898 0.0417392 0.925452 0.115873 0.835115 0.220605 0.718082 0.347595 0.583678 0.486724 0.442608 0.626912 
0.5 0.360292 0.231714 0.124506 0.0472108 0.00598419 0.00411057 0.0417392 0.115873 0.220605 0.347595 0.486724 0.626912 0.756989 0.866595 0.946998 0.991794 0.997413 0.963409 0.89249 0.790306 0.664995 0.526542 0.385974 0.254489 
0.5 0.706059 0.124506 0.978188 0.00411057 0.925452 0.220605 0.583678 0.626912 0.185056 0.946998 0.00039658 0.963409 0.155151 0.664995 0.544184 0.254489 0.9032 0.0107748 0.988295 0.0994237 0.741659 0.460211 0.330848 0.848029 
0.5 0.231714 0.0472108 0.00411057 0.115873 0.347595 0.626912 0.866595 0.991794 0.963409 0.790306 0.526542 0.254489 0.0591077 0.00141335 0.0994237 0.322531 0.60106 0.848029 0.986312 0.972723 0.811506 0.553009 0.277957 0.0722478 
0.5 0.825144 0.00598419 0.925452 0.347595 0.306109 0.946998 0.0147324 0.790306 0.544184 0.142562 0.998899 0.0994237 0.609727 0.733859 0.0349526 0.972723 0.246804 0.411977 0.886936 0.00012207 0.872567 0.433809 0.228002 0.979458 
0.5 0.124506 0.00411057 0.220605 0.626912 0.946998 0.963409 0.664995 0.254489 0.0107748 0.0994237 0.460211 0.848029 0.999408 0.811506 0.411977 0.0722478 0.0231192 0.297967 0.71007 0.979458 0.923118 0.579326 0.181643 0.000240386 
0.5 0.918328 0.0417392 0.583678 0.866595 0.0147324 0.664995 0.804522 0.00141335 0.741659 0.733859 0.0021579 0.811506 0.6566 0.016945 0.872567 0.574924 0.0453576 0.923118 0.491134 0.0865941 0.961735 0.407594 0.139492 0.987328 
0.5 0.0472108 0.115873 0.626912 0.991794 0.790306 0.254489 0.00141335 0.322531 0.848029 0.972723 0.553009 0.0722478 0.0841043 0.574924 0.979458 0.831828 0.302051 0.000240386 0.273974 0.808008 0.987328 0.60542 0.102106 0.0570236 
0.5 0.978188 0.220605 0.185056 0.963409 0.544184 0.0107748 0.741659 0.848029 0.0549953 0.411977 0.996435 0.297967 0.121609 0.923118 0.631173 0.000240386 0.660825 0.905793 0.102079 0.326704 0.999174 0.38164 0.0699807 0.869611 
0.5 0.00598419 0.347595 0.946998 0.790306 0.142562 0.0994237 0.733859 0.972723 0.411977 0.00012207 0.433809 0.979458 0.714105 0.0865941 0.158358 0.808008 0.936663 0.326704 0.00987419 0.522091 0.996941 0.631217 0.0435397 0.227964 
0.5 0.999956 0.486724 0.00039658 0.526542 0.998899 0.460211 0.0021579 0.553009 0.996435 0.433809 0.00532308 0.579326 0.992571 0.407594 0.00988317 0.60542 0.987318 0.38164 0.0158253 0.631217 0.98069 0.356019 0.0231327 0.656643 
0.5 0.00411057 0.626912 0.963409 0.254489 0.0994237 0.848029 0.811506 0.0722478 0.297967 0.979458 0.579326 0.000240386 0.548576 0.987328 0.326704 0.0570236 0.786666 0.869611 0.11874 0.227964 0.950881 0.656643 0.00902963 0.46901 
0.5 0.981898 0.756989 0.155151 0.0591077 0.609727 0.999408 0.6566 0.0841043 0.121609 0.714105 0.992571 0.548576 0.0333343 0.202558 0.808044 0.961718 0.438184 0.0053165 0.298009 0.886964 0.908354 0.330805 0.00141674 0.403308 
0.5 0.0417392 0.866595 0.664995 0.00141335 0.733859 0.811506 0.016945 0.574924 0.923118 0.0865941 0.407594 0.987328 0.202558 0.250617 0.996941 0.351844 0.121579 0.950881 0.517729 0.034936 0.854308 0.681628 0.000394791 0.718042 
0.5 0.925452 0.946998 0.544184 0.0994237 0.0349526 0.411977 0.872567 0.979458 0.631173 0.158358 0.00988317 0.326704 0.808044 0.996941 0.714064 0.227964 0.000123084 0.246843 0.733899 0.998902 0.790269 0.306068 0.00597721 0.17489 
0.5 0.115873 0.991794 0.254489 0.322531 0.972723 0.0722478 0.574924 0.831828 0.000240386 0.808008 0.60542 0.0570236 0.961718 0.351844 0.227964 0.99644 0.136449 0.46901 0.903227 0.0147433 0.718042 0.7061 0.0180902 0.910883 
0.5 0.835115 0.997413 0.9032 0.60106 0.246804 0.0231192 0.0453576 0.302051 0.660825 0.936663 0.987318 0.786666 0.438184 0.121579 0.000123084 0.136449 0.460256 0.804558 0.991802 0.925428 0.639664 0.281877 0.0365738 0.0302556 
0.5 0.220605 0.963409 0.0107748 0.848029 0.411977 0.297967 0.923118 0.000240386 0.905793 0.326704 0.38164 0.869611 0.0053165 0.950881 0.246843 0.46901 0.804558 0.0258446 0.981886 0.17489 0.557347 0.729992 0.0611834 0.997838 
0.5 0.718082 0.89249 0.988295 0.986312 0.886936 0.71007 0.491134 0.273974 0.102079 0.00987419 0.0158253 0.11874 0.298009 0.517729 0.733899 0.903227 0.991802 0.981886 0.875464 0.693849 0.473413 0.258301 0.0915939 0.00667638 
0.5 0.347595 0.790306 0.0994237 0.972723 0.00012207 0.979458 0.0865941 0.808008 0.326704 0.522091 0.631217 0.227964 0.886964 0.034936 0.998902 0.0147433 0.925428 0.17489 0.693849 0.455861 0.390229 0.753235 0.127403 0.956497 
0.5 0.583678 0.664995 0.741659 0.811506 0.872567 0.923118 0.961735 0.987328 0.999174 0.996941 0.98069 0.950881 0.908354 0.854308 0.790269 0.718042 0.639664 0.557347 0.473413 0.390229 0.31014 0.235408 0.168138 0.110229 
0.5 0.486724 0.526542 0.460211 0.553009 0.433809 0.579326 0.407594 0.60542 0.38164 0.631217 0.356019 0.656643 0.330805 0.681628 0.306068 0.7061 0.281877 0.729992 0.258301 0.753235 0.235408 0.775764 0.21326 0.797515 
0.5 0.442608 0.385974 0.330848 0.277957 0.228002 0.181643 0.139492 0.102106 0.0699807 0.0435397 0.0231327 0.00902963 0.00141674 0.000394791 0.00597721 0.0180902 0.0365738 0.0611834 0.0915939 0.127403 0.168138 0.21326 0.262172 0.314228 
0.5 0.626912 0.254489 0.848029 0.0722478 0.979458 0.000240386 0.987328 0.0570236 0.869611 0.227964 0.656643 0.46901 0.403308 0.718042 0.17489 0.910883 0.0302556 0.997838 0.00667638 0.956497 0.110229 0.797515 0.314228 0.561861 
0.5 0.5 0.5 0.5 0.5 0.5 0.5 0.5 0.5 0.5 0.5 0.5 0.5 0.5 0.5 0.5 0.5 0.5 0.5 0.5 0.5 0.5 0.5 0.5 0.5 
0.5 0.121599 0.994679 0.231714 0.356048 0.956473 0.0472108 0.635453 0.775713 0.00411057 0.872557 0.508851 0.115873 0.993314 0.239224 0.347595 0.960013 0.0510361 0.626912 0.783054 0.00305566 0.866595 0.517699 0.110267 0.991794 
0.5 0.994679 0.356048 0.0472108 0.775713 0.872557 0.115873 0.239224 0.960013 0.626912 0.00305566 0.517699 0.991794 0.339189 0.0550022 0.790306 0.860519 0.104783 0.254489 0.96666 0.609713 0.00141335 0.535376 0.988292 0.322531 
0.5 0.231714 0.0472108 0.00411057 0.115873 0.347595 0.626912 0.866595 0.991794 0.963409 0.790306 0.526542 0.254489 0.0591077 0.00141335 0.0994237 0.322531 0.60106 0.848029 0.986312 0.972723 0.811506 0.553009 0.277957 0.0722478 
0.5 0.356048 0.775713 0.115873 0.960013 0.00305566 0.991794 0.0550022 0.860519 0.254489 0.609713 0.535376 0.322531 0.804534 0.0941895 0.972723 0.000395983 0.984178 0.0722478 0.835103 0.285922 0.574924 0.570575 0.289903 0.831828 
0.5 0.956473 0.872557 0.347595 0.00305566 0.246817 0.790306 0.99012 0.609713 0.0994237 0.0633514 0.544199 0.972723 0.84162 0.306095 0.00012207 0.285922 0.825155 0.979458 0.566161 0.0745403 0.0865941 0.588053 0.985271 0.808008 
0.5 0.0472108 0.115873 0.626912 0.991794 0.790306 0.254489 0.00141335 0.322531 0.848029 0.972723 0.553009 0.0722478 0.0841043 0.574924 0.979458 0.831828 0.302051 0.000240386 0.273974 0.808008 0.987328 0.60542 0.102106 0.0570236 
0.5 0.635453 0.239224 0.866595 0.0550022 0.99012 0.00141335 0.969765 0.0941895 0.811506 0.306095 0.561801 0.574924 0.293954 0.821758 0.0865941 0.974136 0.000593126 0.987328 0.0611979 0.857459 0.250617 0.622655 0.513245 0.351844 
0.5 0.775713 0.960013 0.991794 0.860519 0.609713 0.322531 0.0941895 0.000395983 0.0722478 0.285922 0.570575 0.831828 0.983063 0.974136 0.808008 0.539759 0.258328 0.0570236 0.00258967 0.113074 0.351844 0.639737 0.881299 0.99644 
0.5 0.00411057 0.626912 0.963409 0.254489 0.0994237 0.848029 0.811506 0.0722478 0.297967 0.979458 0.579326 0.000240386 0.548576 0.987328 0.326704 0.0570236 0.786666 0.869611 0.11874 0.227964 0.950881 0.656643 0.00902963 0.46901 
0.5 0.872557 0.00305566 0.790306 0.609713 0.0633514 0.972723 0.306095 0.285922 0.979458 0.0745403 0.588053 0.808008 0.00110236 0.857459 0.522091 0.113074 0.99402 0.227964 0.368842 0.946985 0.034936 0.673353 0.733833 0.0147433 
0.5 0.508851 0.517699 0.526542 0.535376 0.544199 0.553009 0.561801 0.570575 0.579326 0.588053 0.596751 0.60542 0.614055 0.622655 0.631217 0.639737 0.648213 0.656643 0.665024 0.673353 0.681628 0.689846 0.698004 0.7061 
0.5 0.115873 0.991794 0.254489 0.322531 0.972723 0.0722478 0.574924 0.831828 0.000240386 0.808008 0.60542 0.0570236 0.961718 0.351844 0.227964 0.99644 0.136449 0.46901 0.903227 0.0147433 0.718042 0.7061 0.0180902 0.910883 
0.5 0.993314 0.339189 0.0591077 0.804534 0.84162 0.0841043 0.293954 0.983063 0.548576 0.00110236 0.614055 0.961718 0.235433 0.124526 0.886964 0.74933 0.0317584 0.403308 0.999761 0.433779 0.0218253 0.722097 0.905775 0.145628 
0.5 0.239224 0.0550022 0.00141335 0.0941895 0.306095 0.574924 0.821758 0.974136 0.987328 0.857459 0.622655 0.351844 0.124526 0.00743204 0.034936 0.198964 0.451364 0.718042 0.920711 0.999877 0.932298 0.737815 0.473518 0.216996 
0.5 0.347595 0.790306 0.0994237 0.972723 0.00012207 0.979458 0.0865941 0.808008 0.326704 0.522091 0.631217 0.227964 0.886964 0.034936 0.998902 0.0147433 0.925428 0.17489 0.693849 0.455861 0.390229 0.753235 0.127403 0.956497 
0.5 0.960013 0.860519 0.322531 0.000395983 0.285922 0.831828 0.974136 0.539759 0.0570236 0.113074 0.639737 0.99644 0.74933 0.198964 0.0147433 0.420733 0.923134 0.910883 0.398881 0.00986823 0.216996 0.768337 0.993304 0.618272 
0.5 0.0510361 0.104783 0.60106 0.984178 0.825155 0.302051 0.000593126 0.258328 0.786666 0.99402 0.648213 0.136449 0.0317584 0.451364 0.925428 0.923134 0.447051 0.0302556 0.139439 0.652348 0.99467 0.783104 0.254542 0.000822991 
0.5 0.626912 0.254489 0.848029 0.0722478 0.979458 0.000240386 0.987328 0.0570236 0.869611 0.227964 0.656643 0.46901 0.403308 0.718042 0.17489 0.910883 0.0302556 0.997838 0.00667638 0.956497 0.110229 0.797515 0.314228 0.561861 
0.5 0.783054 0.96666 0.986312 0.835103 0.566161 0.273974 0.0611979 0.00258967 0.11874 0.368842 0.665024 0.903227 0.999761 0.920711 0.693849 0.398881 0.139439 0.00667638 0.0472364 0.246869 0.535436 0.811553 0.97821 0.976854 
0.5 0.00305566 0.609713 0.972723 0.285922 0.0745403 0.808008 0.857459 0.113074 0.227964 0.946985 0.673353 0.0147433 0.433779 0.999877 0.455861 0.00986823 0.652348 0.956497 0.246869 0.0993876 0.841576 0.825201 0.086628 0.266061 
0.5 0.866595 0.00141335 0.811506 0.574924 0.0865941 0.987328 0.250617 0.351844 0.950881 0.034936 0.681628 0.718042 0.0218253 0.932298 0.390229 0.216996 0.99467 0.110229 0.535436 0.841576 4.55976e-006 0.838441 0.539699 0.107566 
0.5 0.517699 0.535376 0.553009 0.570575 0.588053 0.60542 0.622655 0.639737 0.656643 0.673353 0.689846 0.7061 0.722097 0.737815 0.753235 0.768337 0.783104 0.797515 0.811553 0.825201 0.838441 0.851258 0.863633 0.875553 
0.5 0.110267 0.988292 0.277957 0.289903 0.985271 0.102106 0.513245 0.881299 0.00902963 0.733833 0.698004 0.0180902 0.905775 0.473518 0.127403 0.993304 0.254542 0.314228 0.97821 0.086628 0.539699 0.863633 0.00470871 0.756912 
0.5 0.991794 0.322531 0.0722478 0.831828 0.808008 0.0570236 0.351844 0.99644 0.46901 0.0147433 0.7061 0.910883 0.145628 0.216996 0.956497 0.618272 0.000822991 0.561861 0.976854 0.266061 0.107566 0.875553 0.756912 0.0317373 
0.5 0.5 0.5 0.5 0.5 0.5 0.5 0.5 0.5 0.5 0.5 0.5 0.5 0.5 0.5 0.5 0.5 0.5 0.5 0.5 0.5 0.5 0.5 0.5 0.5 
0.5 0.0205379 0.227989 0.825144 0.956473 0.433824 0.00598419 0.285909 0.872557 0.925452 0.368813 0.000122428 0.347595 0.913414 0.886945 0.306109 0.00305566 0.411962 0.946998 0.841631 0.246817 0.0147324 0.477879 0.972718 0.790306 
0.5 0.227989 0.956473 0.00598419 0.872557 0.368813 0.347595 0.886945 0.00305566 0.946998 0.246817 0.477879 0.790306 0.034947 0.99012 0.142562 0.609713 0.673325 0.0994237 0.9989 0.0633514 0.733859 0.544199 0.191968 0.972723 
0.5 0.825144 0.00598419 0.925452 0.347595 0.306109 0.946998 0.0147324 0.790306 0.544184 0.142562 0.998899 0.0994237 0.609727 0.733859 0.0349526 0.972723 0.246804 0.411977 0.886936 0.00012207 0.872567 0.433809 0.228002 0.979458 
0.5 0.956473 0.872557 0.347595 0.00305566 0.246817 0.790306 0.99012 0.609713 0.0994237 0.0633514 0.544199 0.972723 0.84162 0.306095 0.00012207 0.285922 0.825155 0.979458 0.566161 0.0745403 0.0865941 0.588053 0.985271 0.808008 
0.5 0.433824 0.368813 0.306109 0.246817 0.19198 0.142562 0.0994327 0.0633514 0.0349526 0.014736 0.00305733 0.00012207 0.00598186 0.0205336 0.0435212 0.0745403 0.113045 0.158358 0.209682 0.266114 0.326661 0.390258 0.455786 0.522091 
0.5 0.00598419 0.347595 0.946998 0.790306 0.142562 0.0994237 0.733859 0.972723 0.411977 0.00012207 0.433809 0.979458 0.714105 0.0865941 0.158358 0.808008 0.936663 0.326704 0.00987419 0.522091 0.996941 0.631217 0.0435397 0.227964 
0.5 0.285909 0.886945 0.0147324 0.99012 0.0994327 0.733859 0.477894 0.306095 0.872567 0.0205336 0.994013 0.0865941 0.75317 0.455831 0.326661 0.857459 0.0272725 0.996941 0.0745641 0.771985 0.433854 0.347566 0.841653 0.034936 
0.5 0.872557 0.00305566 0.790306 0.609713 0.0633514 0.972723 0.306095 0.285922 0.979458 0.0745403 0.588053 0.808008 0.00110236 0.857459 0.522091 0.113074 0.99402 0.227964 0.368842 0.946985 0.034936 0.673353 0.733833 0.0147433 
0.5 0.925452 0.946998 0.544184 0.0994237 0.0349526 0.411977 0.872567 0.979458 0.631173 0.158358 0.00988317 0.326704 0.808044 0.996941 0.714064 0.227964 0.000123084 0.246843 0.733899 0.998902 0.790269 0.306068 0.00597721 0.17489 
0.5 0.368813 0.246817 0.142562 0.0633514 0.014736 0.00012207 0.0205336 0.0745403 0.158358 0.266114 0.390258 0.522091 0.652377 0.771985 0.872536 0.946985 0.990114 0.998902 0.972732 0.91344 0.825178 0.714132 0.588082 0.455861 
0.5 0.000122428 0.477879 0.998899 0.544199 0.00305733 0.433809 0.994013 0.588053 0.00988317 0.390258 0.98526 0.631217 0.0205464 0.347566 0.972708 0.673353 0.0349636 0.306068 0.956454 0.714132 0.0530219 0.266087 0.936627 0.753235 
0.5 0.347595 0.790306 0.0994237 0.972723 0.00012207 0.979458 0.0865941 0.808008 0.326704 0.522091 0.631217 0.227964 0.886964 0.034936 0.998902 0.0147433 0.925428 0.17489 0.693849 0.455861 0.390229 0.753235 0.127403 0.956497 
0.5 0.913414 0.034947 0.609727 0.84162 0.00598186 0.714105 0.75317 0.00110236 0.808044 0.652377 0.0205464 0.886964 0.544154 0.063366 0.947019 0.433779 0.127474 0.985279 0.326633 0.209743 0.999879 0.227939 0.306165 0.990108 
0.5 0.886945 0.99012 0.733859 0.306095 0.0205336 0.0865941 0.455831 0.857459 0.996941 0.771985 0.347566 0.034936 0.063366 0.412007 0.825178 0.999877 0.807985 0.390229 0.0529747 0.043552 0.368871 0.790355 0.998904 0.841576 
0.5 0.306109 0.142562 0.0349526 0.00012207 0.0435212 0.158358 0.326661 0.522091 0.714064 0.872536 0.972708 0.998902 0.947019 0.825178 0.652448 0.455861 0.266181 0.113093 0.020555 0.00304902 0.0633146 0.19192 0.36874 0.566101 
0.5 0.00305566 0.609713 0.972723 0.285922 0.0745403 0.808008 0.857459 0.113074 0.227964 0.946985 0.673353 0.0147433 0.433779 0.999877 0.455861 0.00986823 0.652348 0.956497 0.246869 0.0993876 0.841576 0.825201 0.086628 0.266061 
0.5 0.411962 0.673325 0.246804 0.825155 0.113045 0.936663 0.0272725 0.99402 0.000123084 0.990114 0.0349636 0.925428 0.127474 0.807985 0.266181 0.652348 0.433884 0.477818 0.609786 0.30604 0.772074 0.158314 0.900621 0.0529611 
0.5 0.946998 0.0994237 0.411977 0.979458 0.158358 0.326704 0.996941 0.227964 0.246843 0.998902 0.306068 0.17489 0.985279 0.390229 0.113093 0.956497 0.477818 0.0633807 0.913457 0.566101 0.0273069 0.857501 0.652319 0.00599813 
0.5 0.841631 0.9989 0.886936 0.566161 0.209682 0.00987419 0.0745641 0.368842 0.733899 0.972732 0.956454 0.693849 0.326633 0.0529747 0.020555 0.246869 0.609786 0.913457 0.994004 0.807961 0.455726 0.127383 0.000124425 0.142625 
0.5 0.246817 0.0633514 0.00012207 0.0745403 0.266114 0.522091 0.771985 0.946985 0.998902 0.91344 0.714132 0.455861 0.209743 0.043552 0.00304902 0.0993876 0.30604 0.566101 0.807961 0.96502 0.99403 0.887003 0.67341 0.412066 
0.5 0.0147324 0.733859 0.872567 0.0865941 0.326661 0.996941 0.433854 0.034936 0.790269 0.825178 0.0530219 0.390229 0.999879 0.368871 0.0633146 0.841576 0.772074 0.0273069 0.455726 0.99403 0.306193 0.0993696 0.886878 0.714187 
0.5 0.477879 0.544199 0.433809 0.588053 0.390258 0.631217 0.347566 0.673353 0.306068 0.714132 0.266087 0.753235 0.227939 0.790355 0.19192 0.825201 0.158314 0.857501 0.127383 0.887003 0.0993696 0.913474 0.0744928 0.936707 
0.5 0.972718 0.191968 0.228002 0.985271 0.455786 0.0435397 0.841653 0.733833 0.00597721 0.588082 0.936627 0.127403 0.306165 0.998904 0.36874 0.086628 0.900621 0.652319 0.000124425 0.67341 0.886878 0.0744928 0.39039 0.996931 
0.5 0.790306 0.972723 0.979458 0.808008 0.522091 0.227964 0.034936 0.0147433 0.17489 0.455861 0.753235 0.956497 0.990108 0.841576 0.566101 0.266061 0.0529611 0.00599813 0.142625 0.412066 0.714187 0.936707 0.996931 0.872476 
0.5 0.5 0.5 0.5 0.5 0.5 0.5 0.5 0.5 0.5 0.5 0.5 0.5 0.5 0.5 0.5 0.5 0.5 0.5 0.5 0.5 0.5 0.5 0.5 0.5 
0.5 0.360292 0.231714 0.124506 0.0472108 0.00598419 0.00411057 0.0417392 0.115873 0.220605 0.347595 0.486724 0.626912 0.756989 0.866595 0.946998 0.991794 0.997413 0.963409 0.89249 0.790306 0.664995 0.526542 0.385974 0.254489 
0.5 0.231714 0.0472108 0.00411057 0.115873 0.347595 0.626912 0.866595 0.991794 0.963409 0.790306 0.526542 0.254489 0.0591077 0.00141335 0.0994237 0.322531 0.60106 0.848029 0.986312 0.972723 0.811506 0.553009 0.277957 0.0722478 
0.5 0.124506 0.00411057 0.220605 0.626912 0.946998 0.963409 0.664995 0.254489 0.0107748 0.0994237 0.460211 0.848029 0.999408 0.811506 0.411977 0.0722478 0.0231192 0.297967 0.71007 0.979458 0.923118 0.579326 0.181643 0.000240386 
0.5 0.0472108 0.115873 0.626912 0.991794 0.790306 0.254489 0.00141335 0.322531 0.848029 0.972723 0.553009 0.0722478 0.0841043 0.574924 0.979458 0.831828 0.302051 0.000240386 0.273974 0.808008 0.987328 0.60542 0.102106 0.0570236 
0.5 0.00598419 0.347595 0.946998 0.790306 0.142562 0.0994237 0.733859 0.972723 0.411977 0.00012207 0.433809 0.979458 0.714105 0.0865941 0.158358 0.808008 0.936663 0.326704 0.00987419 0.522091 0.996941 0.631217 0.0435397 0.227964 
0.5 0.00411057 0.626912 0.963409 0.254489 0.0994237 0.848029 0.811506 0.0722478 0.297967 0.979458 0.579326 0.000240386 0.548576 0.987328 0.326704 0.0570236 0.786666 0.869611 0.11874 0.227964 0.950881 0.656643 0.00902963 0.46901 
0.5 0.0417392 0.866595 0.664995 0.00141335 0.733859 0.811506 0.016945 0.574924 0.923118 0.0865941 0.407594 0.987328 0.202558 0.250617 0.996941 0.351844 0.121579 0.950881 0.517729 0.034936 0.854308 0.681628 0.000394791 0.718042 
0.5 0.115873 0.991794 0.254489 0.322531 0.972723 0.0722478 0.574924 0.831828 0.000240386 0.808008 0.60542 0.0570236 0.961718 0.351844 0.227964 0.99644 0.136449 0.46901 0.903227 0.0147433 0.718042 0.7061 0.0180902 0.910883 
0.5 0.220605 0.963409 0.0107748 0.848029 0.411977 0.297967 0.923118 0.000240386 0.905793 0.326704 0.38164 0.869611 0.0053165 0.950881 0.246843 0.46901 0.804558 0.0258446 0.981886 0.17489 0.557347 0.729992 0.0611834 0.997838 
0.5 0.347595 0.790306 0.0994237 0.972723 0.00012207 0.979458 0.0865941 0.808008 0.326704 0.522091 0.631217 0.227964 0.886964 0.034936 0.998902 0.0147433 0.925428 0.17489 0.693849 0.455861 0.390229 0.753235 0.127403 0.956497 
0.5 0.486724 0.526542 0.460211 0.553009 0.433809 0.579326 0.407594 0.60542 0.38164 0.631217 0.356019 0.656643 0.330805 0.681628 0.306068 0.7061 0.281877 0.729992 0.258301 0.753235 0.235408 0.775764 0.21326 0.797515 
0.5 0.626912 0.254489 0.848029 0.0722478 0.979458 0.000240386 0.987328 0.0570236 0.869611 0.227964 0.656643 0.46901 0.403308 0.718042 0.17489 0.910883 0.0302556 0.997838 0.00667638 0.956497 0.110229 0.797515 0.314228 0.561861 
0.5 0.756989 0.0591077 0.999408 0.0841043 0.714105 0.548576 0.202558 0.961718 0.0053165 0.886964 0.330805 0.403308 0.835081 0.0218253 0.985279 0.145628 0.622684 0.643894 0.13045 0.990108 0.0287176 0.818427 0.424987 0.310266 
0.5 0.866595 0.00141335 0.811506 0.574924 0.0865941 0.987328 0.250617 0.351844 0.950881 0.034936 0.681628 0.718042 0.0218253 0.932298 0.390229 0.216996 0.99467 0.110229 0.535436 0.841576 4.55976e-006 0.838441 0.539699 0.107566 
0.5 0.946998 0.0994237 0.411977 0.979458 0.158358 0.326704 0.996941 0.227964 0.246843 0.998902 0.306068 0.17489 0.985279 0.390229 0.113093 0.956497 0.477818 0.0633807 0.913457 0.566101 0.0273069 0.857501 0.652319 0.00599813 
0.5 0.991794 0.322531 0.0722478 0.831828 0.808008 0.0570236 0.351844 0.99644 0.46901 0.0147433 0.7061 0.910883 0.145628 0.216996 0.956497 0.618272 0.000822991 0.561861 0.976854 0.266061 0.107566 0.875553 0.756912 0.0317373 
0.5 0.997413 0.60106 0.0231192 0.302051 0.936663 0.786666 0.121579 0.136449 0.804558 0.925428 0.281877 0.0302556 0.622684 0.99467 0.477818 0.000822991 0.420763 0.983078 0.677385 0.0529611 0.23179 0.892546 0.847964 0.17815 
0.5 0.963409 0.848029 0.297967 0.000240386 0.326704 0.869611 0.950881 0.46901 0.0258446 0.17489 0.729992 0.997838 0.643894 0.110229 0.0633807 0.561861 0.983078 0.80094 0.242933 0.00599813 0.386062 0.908432 0.920678 0.407505 
0.5 0.89249 0.986312 0.71007 0.273974 0.00987419 0.11874 0.517729 0.903227 0.981886 0.693849 0.258301 0.00667638 0.13045 0.535436 0.913457 0.976854 0.677385 0.242933 0.00409901 0.142625 0.553099 0.923166 0.971222 0.660697 
0.5 0.790306 0.972723 0.979458 0.808008 0.522091 0.227964 0.034936 0.0147433 0.17489 0.455861 0.753235 0.956497 0.990108 0.841576 0.566101 0.266061 0.0529611 0.00599813 0.142625 0.412066 0.714187 0.936707 0.996931 0.872476 
0.5 0.664995 0.811506 0.923118 0.987328 0.996941 0.950881 0.854308 0.718042 0.557347 0.390229 0.235408 0.110229 0.0287176 4.55976e-006 0.0273069 0.107566 0.23179 0.386062 0.553099 0.714187 0.851279 0.949017 0.996451 0.988266 
0.5 0.526542 0.553009 0.579326 0.60542 0.631217 0.656643 0.681628 0.7061 0.729992 0.753235 0.775764 0.797515 0.818427 0.838441 0.857501 0.875553 0.892546 0.908432 0.923166 0.936707 0.949017 0.96006 0.969806 0.978228 
0.5 0.385974 0.277957 0.181643 0.102106 0.0435397 0.00902963 0.000394791 0.0180902 0.0611834 0.127403 0.21326 0.314228 0.424987 0.539699 0.652319 0.756912 0.847964 0.920678 0.971222 0.996931 0.996451 0.969806 0.918402 0.844947 
0.5 0.254489 0.0722478 0.000240386 0.0570236 0.227964 0.46901 0.718042 0.910883 0.997838 0.956497 0.797515 0.561861 0.310266 0.107566 0.00599813 0.0317373 0.17815 0.407505 0.660697 0.872476 0.988266 0.978228 0.844947 0.622772 
0.5 0.5 0.5 0.5 0.5 0.5 0.5 0.5 0.5 0.5 0.5 0.5 0.5 0.5 0.5 0.5 0.5 0.5 0.5 0.5 0.5 0.5 0.5 0.5 0.5 
0.5 0.828493 0.995304 0.918328 0.635453 0.285909 0.0417392 0.0231237 0.239224 0.583678 0.886945 0.99976 0.866595 0.552994 0.213309 0.0147324 0.0550022 0.314298 0.664995 0.934483 0.99012 0.804522 0.46904 0.148796 0.00141335 
0.5 0.995304 0.635453 0.0417392 0.239224 0.886945 0.866595 0.213309 0.0550022 0.664995 0.99012 0.46904 0.00141335 0.394609 0.969765 0.733859 0.0941895 0.155162 0.811506 0.930027 0.306095 0.016945 0.561801 0.999956 0.574924 
0.5 0.918328 0.0417392 0.583678 0.866595 0.0147324 0.664995 0.804522 0.00141335 0.741659 0.733859 0.0021579 0.811506 0.6566 0.016945 0.872567 0.574924 0.0453576 0.923118 0.491134 0.0865941 0.961735 0.407594 0.139492 0.987328 
0.5 0.635453 0.239224 0.866595 0.0550022 0.99012 0.00141335 0.969765 0.0941895 0.811506 0.306095 0.561801 0.574924 0.293954 0.821758 0.0865941 0.974136 0.000593126 0.987328 0.0611979 0.857459 0.250617 0.622655 0.513245 0.351844 
0.5 0.285909 0.886945 0.0147324 0.99012 0.0994327 0.733859 0.477894 0.306095 0.872567 0.0205336 0.994013 0.0865941 0.75317 0.455831 0.326661 0.857459 0.0272725 0.996941 0.0745641 0.771985 0.433854 0.347566 0.841653 0.034936 
0.5 0.0417392 0.866595 0.664995 0.00141335 0.733859 0.811506 0.016945 0.574924 0.923118 0.0865941 0.407594 0.987328 0.202558 0.250617 0.996941 0.351844 0.121579 0.950881 0.517729 0.034936 0.854308 0.681628 0.000394791 0.718042 
0.5 0.0231237 0.213309 0.804522 0.969765 0.477894 0.016945 0.231701 0.821758 0.961735 0.455831 0.0117111 0.250617 0.838364 0.952802 0.433854 0.00743204 0.270021 0.854308 0.942983 0.412007 0.00411636 0.289875 0.86956 0.932298 
0.5 0.239224 0.0550022 0.00141335 0.0941895 0.306095 0.574924 0.821758 0.974136 0.987328 0.857459 0.622655 0.351844 0.124526 0.00743204 0.034936 0.198964 0.451364 0.718042 0.920711 0.999877 0.932298 0.737815 0.473518 0.216996 
0.5 0.583678 0.664995 0.741659 0.811506 0.872567 0.923118 0.961735 0.987328 0.999174 0.996941 0.98069 0.950881 0.908354 0.854308 0.790269 0.718042 0.639664 0.557347 0.473413 0.390229 0.31014 0.235408 0.168138 0.110229 
0.5 0.886945 0.99012 0.733859 0.306095 0.0205336 0.0865941 0.455831 0.857459 0.996941 0.771985 0.347566 0.034936 0.063366 0.412007 0.825178 0.999877 0.807985 0.390229 0.0529747 0.043552 0.368871 0.790355 0.998904 0.841576 
0.5 0.99976 0.46904 0.0021579 0.561801 0.994013 0.407594 0.0117111 0.622655 0.98069 0.347566 0.0287528 0.681628 0.959995 0.289875 0.0530219 0.737815 0.932245 0.235408 0.0841461 0.790355 0.897866 0.184997 0.121648 0.838441 
0.5 0.866595 0.00141335 0.811506 0.574924 0.0865941 0.987328 0.250617 0.351844 0.950881 0.034936 0.681628 0.718042 0.0218253 0.932298 0.390229 0.216996 0.99467 0.110229 0.535436 0.841576 4.55976e-006 0.838441 0.539699 0.107566 
0.5 0.552994 0.394609 0.6566 0.293954 0.75317 0.202558 0.838364 0.124526 0.908354 0.063366 0.959995 0.0218253 0.990968 0.00177047 0.999879 0.00410286 0.986329 0.0287176 0.950927 0.0745087 0.895263 0.139418 0.821838 0.22053 
0.5 0.213309 0.969765 0.016945 0.821758 0.455831 0.250617 0.952802 0.00743204 0.854308 0.412007 0.289875 0.932298 0.00177047 0.884089 0.368871 0.330777 0.908415 4.55976e-006 0.910866 0.32676 0.373001 0.881338 0.00214812 0.934431 
0.5 0.0147324 0.733859 0.872567 0.0865941 0.326661 0.996941 0.433854 0.034936 0.790269 0.825178 0.0530219 0.390229 0.999879 0.368871 0.0633146 0.841576 0.772074 0.0273069 0.455726 0.99403 0.306193 0.0993696 0.886878 0.714187 
0.5 0.0550022 0.0941895 0.574924 0.974136 0.857459 0.351844 0.00743204 0.198964 0.718042 0.999877 0.737815 0.216996 0.00410286 0.330777 0.841576 0.980719 0.596811 0.107566 0.0453137 0.477788 0.934431 0.918386 0.447111 0.033383 
0.5 0.314298 0.155162 0.0453576 0.000593126 0.0272725 0.121579 0.270021 0.451364 0.639664 0.807985 0.932245 0.99467 0.986329 0.908415 0.772074 0.596811 0.407698 0.23179 0.0942512 0.0147578 0.00468192 0.0654649 0.188411 0.355933 
0.5 0.664995 0.811506 0.923118 0.987328 0.996941 0.950881 0.854308 0.718042 0.557347 0.390229 0.235408 0.110229 0.0287176 4.55976e-006 0.0273069 0.107566 0.23179 0.386062 0.553099 0.714187 0.851279 0.949017 0.996451 0.988266 
